$ANSIBLE_VAULT;1.1;AES256
39343861656161336238363535353039353936626266623634373430656165613637393036376230
3461376338613966323930313232326265386565656431650a646638636337613461633238313464
37613930396134623561336431653663366564373830646662613464626134656438613466356536
6662383233613065370a623832306431636662366262383237626266636238363462613265626333
30333730333437353833373765333664356362386564376464306130363835306431393731393563
66653863613063613864666437363763363564386231353838623830633635633737653939303939
35656439666130653438303133643733646537386638366461643566633261346639393036373365
33386361373738353831336464353136356166333966346232633732383339396430363164396331
61353062306162653736663365336563653933393262313838663735653731333634626663343238
35323734303661653031313462316665316136306136626537326331653232333838656663326638
61346361616661396663623263376637623039623535353063643136316263393133316232393062
38396662633962646162633661333165366534383238663539343236623466623136646431343333
61343835346430353364373362663431623662336661353363633466303431626362316137646562
61623762616238343731613265396433353737383436633163346464623238393438356362396463
35396664646463366363643232376262306161613663656539306339343461386366626164353535
39626331303332303436663134366633353565373834376239613366663362633266316338336631
36333161363330613638366135303838356636636530613463353565393230646165326439333865
64616630663339633862306538333739623731326233656132366564383032303237386464363930
38663462313361653136373262343630393736636338646436373261346461383730306633356634
63336232393738336462363163653531376537323365353835376161303630393536353166626631
61643330323731383230363133363065613062343639366134383338383661373734613634376232
32393561323537346539363463383333646466356634363061373536623464633633623435666439
62386537663839353230653737616332336336323439346139336434306131386637323833363864
30643863363830666534363863633636393430626430373734386234636232363462656636356432
39613535313166356437646133373036363638323134343830323461343565376665356532643062
34623831343034323339323263343531336635363363353530333565666235366436643039373432
61633430373062326262323238353565653437393162376565373837666262633464313661613734
36323435643962613833393732326262366536633063316362626238366437393134343163666333
35616330376134666238636531356433646166316631623830383130383166363335663465393962
61613461373735613432373731363638343332643936306262303034326435306631616565323336
37643262383966383565613065626165383261333538333366666531646137386639373233633961
32666364363136656262383538623438393236383766356433313335336162663934343632636661
62626437663566363733303464663539356465623063633438616563653732396465623638363234
32373235626230653363303735303362643737633337663738386562393337353438396237646636
33323637336138366134393266353264383165303536303537303432643261376231636366636531
38323736353833626238353631633836626537666666653266643134613764373030383865353838
65353433643736626331653566626461346564663439663166613765623136306134656365336236
63646431336335343338353034343863316231663966623066306162643164356639313039666336
63393435313534643238316465666464633533346262643337323132323061333132613365663665
37616266343933663332653934626432333434343335313737626338303264376166393264376137
34323935613864623130376330363961623637343638613463313033316535346564623263343862
63396337363535663631633831306563316264326135633035613466336235306466653462306539
66343464653935353634633435363762623135353036623430623636396138663134303466663135
36656639383736313334376165353330633663666534346336623636333363646532656664386162
65313236623161366234323861636132656539623462363061343033363362646536386264643161
39363462616139613166663933383539353535663131353435623137666139646433666561623365
36353635643666316538633732303032346536323534346430343363333835353733373032363939
36366532323133303161366161353732313361316336393335353764346134623436666133616333
62363436363331663339326433336231393737646333376236306563306665613164313833396466
65656538316162663665316561636666323561393365383965316237666430323437626434366631
35353763653635376531666165376239336436303064316135663961313966303966336362373031
66316664633662666631306365643632386363656435303235383764343835393736646337366638
30393934313264336232646563383366663333396564303462333139383463306265613734613836
62396436333735386639396366326462663138366636383032323564303434653666343231303839
65636131623261343032653135343061656234616661616163616465373335353339313639323965
35386663326132616564343465616637656639656165633532323335303865363730303866356162
35313330663937336631663332366333663262303165636432323138396463356634363039623036
34663839633130613732623834633430336130323534353564323061313365366638303835333261
35653563646539636331383037636664346366353362303463626364643039643839383866366135
32653732396635316237303237366534653736313066386535316362643761626139613763363364
63343062356637663636306230353161623565633233303232636264613365333466613934346434
64306161623531643665363161323136396365343437386338343562313461666439356163663166
63323864323535643766623962326137306234376137386534323635623265313931316338306263
39653962623538616632613965663635336130383731663037653538396131353165303365333737
36633231363062343562613163613065396665393364373938303265623836313839666232653833
64633039653465393863363438333662356431646135663835633266646139666537646466386536
35663734356364613165333261663365316234343339643831643239633966313533663061653737
36396333643936323833616530623631646333353738353263313836386139303034306433323239
37373166396632393366643431346630316164313734626439366538323466353837663030616335
61663033666530633936663661323235373063613636386338303961303834616534303838363765
39613466323465323865366162316232646666626631636133386338343237313833343537336666
30366262376432333134613836316264376236343964666632373362646234396563383065316465
63336366623834313064376330356438373166346338356537656163313535653132363937376631
32626337373032353339366237656437396630643262623464353335636235326339636433343536
37346664396430663434633936303237363036373363373735316662663135646362366261353166
63616462393064383066356633333464633837346535326461643939666538373030333461653665
38626431636462313931643830656538346230376530383530363338383135666165353964383561
37613535353365316562316635666534373132323866653263666133396565613266316364316132
32646666323833643561316532376532323639343232633134633237306338613365343930303531
32336633646164656235383938663461393230383263653365366336326561373461623930363930
61333463356134343135376661666366656533383834623639363335633866396465316539656635
37623334323739643931396334646631613366653836303735336435346631663036343431353661
64636530396262346663323135306130396262393765366334623166366161666665623965306163
33343966363633636539356230336561333266656534323638336162306438383063383337383664
61353531343230373635613166643039616362323663323864363263613938653132613563346565
32623332323036383034356531333931666535396233343062343962396236313837303237386237
36343863366437306561383537656636366266313163633465663061373063386637626133323765
30623162373135643564616635663963313633356238636235373666363964386438373663653166
37353864373063373839383633373133363964653462626630396566623335356165613038656539
30376531313362373639383036326563376532386630373139303336653166633065363533336535
35343263363134333336653864306430386362306263646431653936366462366131646163353735
66343937376364396630356334316136353133363634353037623033313164666166623236653835
62626634306663633531336639633266313538656535623735353765333230356531356163626664
33633363376563303734383361653964653763353439373863303633393163323464633637313737
31366230383062393733363535613066313865376366306135333662313038363063613737643638
39666238306536643134383138346434323433323461353664326364373034616163343137653631
3564
